List
50
1, 2, 3, 6, 7, 10, 11, 13, 18, 20, 24, 41
8, 13, 27, 43, 47
NaN
8, 10, 17, 20, 36, 42
18, 20, 26, 27, 28, 31, 35, 42, 46
1, 2, 9, 12, 20, 49
13, 15, 24, 39, 40, 46
6, 13, 21, 35, 39
7, 9, 13, 15, 20, 23, 25, 28, 31, 39, 40, 47
2, 11, 15, 18, 26, 27, 39, 43, 47
2, 6, 14, 17, 23, 24, 29, 38, 39, 40, 42, 43, 44, 45
23, 26, 27, 29, 44
7, 18, 25
2, 21, 30, 48
9, 13, 19, 25, 32, 33, 40, 42, 47, 48
13, 19, 21, 43, 44
32, 46
11, 26, 27, 28, 35, 36, 40, 42, 46
13
24, 26, 43
12, 21, 30, 46
2, 43
20, 47
18
2, 13, 23
6, 7, 18, 30, 35, 39, 40, 44
39
15, 24
20, 22, 42, 47
4, 19, 25, 44, 48
2, 44
2, 15, 20, 30, 39, 42
8, 9, 17, 27, 29, 43, 45
12, 16, 23, 48
1, 3, 5, 13, 23, 25, 33, 43
23, 26, 27
6, 11, 12, 38
18, 20, 23, 24, 30, 40
5, 8, 15, 20, 23, 29, 40, 45
18, 24
21, 46, 48
1, 5, 9, 16, 19, 20, 29, 34, 36, 38, 45
12, 26, 27, 37
NaN
2, 48
7, 31, 40, 42
2, 13, 18, 26, 35, 43, 44, 48
7, 40, 45
NaN
6, 20, 25, 29, 30, 40, 43