0,2
0,4
0,7
0,17
0,21
0,28
0,29
0,34
0,35
0,49
0,66
0,71
0,80
0,81
0,84
0,90
0,92
0,98
0,99
0,106
0,114
0,123
0,140
0,149
0,155
0,156
0,160
0,173
0,175
0,179
0,183
0,185
0,198
1,4
1,8
1,13
1,14
1,22
1,24
1,34
1,60
1,68
1,71
1,72
1,74
1,77
1,83
1,91
1,99
1,104
1,105
1,108
1,112
1,114
1,119
1,123
1,127
1,133
1,139
1,145
1,146
1,157
1,161
1,166
1,174
2,12
2,18
2,25
2,33
2,34
2,50
2,67
2,77
2,93
2,98
2,99
2,118
2,138
2,146
2,148
2,149
2,158
2,164
2,176
2,178
2,184
2,189
2,190
2,191
3,4
3,34
3,35
3,39
3,46
3,59
3,64
3,75
3,82
3,97
3,105
3,120
3,123
3,129
3,130
3,131
3,138
3,154
3,169
3,182
3,187
3,189
3,190
3,194
4,25
4,34
4,41
4,51
4,54
4,61
4,67
4,92
4,93
4,100
4,116
4,142
4,178
4,187
5,68
5,111
6,16
6,45
6,84
6,97
6,108
6,111
6,128
6,129
6,134
6,136
6,145
6,157
6,169
6,170
6,178
7,17
7,20
7,48
7,49
7,61
7,68
7,73
7,100
7,102
7,105
7,109
7,111
7,112
7,113
7,121
7,130
7,146
7,150
7,157
7,161
7,168
7,176
7,190
8,6
8,25
8,34
8,48
8,66
8,74
8,102
8,108
8,113
8,117
8,118
8,121
8,122
8,123
8,126
8,129
8,151
8,159
8,170
8,183
8,194
9,31
9,39
9,49
9,58
9,66
9,78
9,131
9,170
10,9
10,17
10,30
10,34
10,54
10,60
10,66
10,75
10,76
10,77
10,84
10,108
10,112
10,117
10,127
10,132
10,140
10,141
10,144
10,151
10,158
10,178
10,196
11,16
11,39
11,41
11,45
11,49
11,71
11,117
11,182
11,183
12,18
12,19
12,23
12,27
12,49
12,50
12,58
12,60
12,73
12,83
12,86
12,112
12,114
12,122
12,132
12,149
12,151
12,153
12,162
12,165
12,168
12,176
12,179
12,189
12,190
12,192
12,196
13,2
13,12
13,15
13,18
13,22
13,29
13,38
13,40
13,47
13,52
13,54
13,56
13,59
13,60
13,68
13,69
13,79
13,91
13,93
13,97
13,98
13,105
13,107
13,112
13,118
13,129
13,130
13,135
13,138
13,140
13,141
13,146
13,168
13,178
13,183
13,186
13,198
14,5
14,7
14,29
14,46
14,61
14,85
14,97
14,100
14,102
14,109
14,111
14,112
14,113
14,116
14,122
14,123
14,127
14,128
14,131
14,132
14,159
14,165
14,170
14,173
14,177
14,186
14,189
14,190
15,17
15,21
15,29
15,42
15,50
15,57
15,60
15,82
15,83
15,88
15,94
15,96
15,97
15,98
15,99
15,103
15,109
15,119
15,120
15,125
15,126
15,127
15,136
15,143
15,145
15,151
15,161
15,165
15,170
15,172
15,184
15,185
15,186
15,187
15,195
15,197
16,17
16,45
16,49
16,58
16,132
16,145
16,169
16,183
16,184
16,189
17,93
17,182
18,45
18,67
18,112
18,113
18,116
19,8
19,10
19,23
19,31
19,68
19,93
19,137
19,142
19,143
19,154
19,157
19,158
19,161
19,176
19,177
19,180
19,191
19,194
20,4
20,16
20,17
20,29
20,54
20,66
20,73
20,78
20,83
20,87
20,90
20,92
20,116
20,122
20,135
20,154
20,187
21,23
22,67
22,78
22,87
22,100
22,169
22,178
22,184
23,39
24,3
24,9
24,13
24,15
24,16
24,17
24,34
24,35
24,40
24,42
24,45
24,49
24,50
24,63
24,67
24,72
24,76
24,78
24,82
24,95
24,103
24,110
24,120
24,123
24,125
24,133
24,147
24,159
24,171
24,178
24,180
24,184
24,185
25,23
25,31
25,34
25,39
25,41
25,54
25,66
25,68
25,76
25,87
25,119
25,128
25,180
26,4
26,11
26,16
26,18
26,29
26,40
26,59
26,94
26,100
26,122
26,126
26,131
26,144
26,164
27,8
27,11
27,30
27,67
27,73
27,83
27,88
27,90
27,93
27,98
27,102
27,123
27,128
27,130
27,134
27,143
27,144
27,154
27,161
27,168
27,171
27,182
27,184
27,192
27,195
28,1
28,11
28,13
28,14
28,19
28,20
28,21
28,24
28,25
28,52
28,54
28,57
28,63
28,69
28,78
28,84
28,89
28,91
28,92
28,102
28,114
28,125
28,127
28,129
28,155
28,163
28,164
28,165
28,173
28,174
28,175
28,177
28,182
28,184
29,5
29,106
29,117
29,127
29,157
29,170
29,182
29,184
30,5
30,25
30,48
30,58
30,73
30,78
30,83
30,118
30,119
30,128
30,131
30,135
30,142
30,154
30,169
30,180
30,197
31,5
31,29
31,34
31,102
31,106
32,10
32,17
32,23
32,27
32,35
32,50
32,56
32,57
32,66
32,67
32,70
32,76
32,77
32,84
32,89
32,90
32,93
32,97
32,102
32,103
32,108
32,109
32,114
32,115
32,125
32,136
32,142
32,146
32,153
32,155
32,157
32,160
32,167
32,171
32,173
32,179
32,181
32,186
33,3
33,9
33,11
33,12
33,27
33,50
33,51
33,52
33,59
33,64
33,68
33,74
33,81
33,86
33,105
33,111
33,112
33,127
33,158
33,180
33,188
33,190
34,111
34,113
35,16
35,20
35,40
35,43
35,59
35,66
35,71
35,83
35,88
35,90
35,97
35,111
35,117
35,121
35,123
35,126
35,129
35,131
35,132
35,135
35,136
35,154
35,158
35,159
35,160
35,162
35,164
35,165
35,170
35,173
35,189
36,22
36,23
36,40
36,48
36,58
36,60
36,74
36,83
36,106
36,119
36,131
36,144
36,175
37,11
37,31
37,41
37,51
37,87
37,119
37,129
37,145
38,2
38,5
38,11
38,25
38,34
38,35
38,57
38,61
38,62
38,68
38,85
38,94
38,96
38,108
38,118
38,121
38,123
38,130
38,141
38,147
38,156
38,162
38,166
38,169
38,185
38,187
38,192
38,194
38,195
39,5
40,17
40,74
40,77
40,100
40,111
40,142
40,159
41,23
41,61
41,71
41,97
41,100
41,106
41,113
41,121
41,145
42,19
42,26
42,61
42,69
42,71
42,82
42,93
42,100
42,114
42,117
42,129
42,130
42,140
42,146
42,149
42,181
42,197
43,4
43,16
43,18
43,21
43,23
43,39
43,73
43,79
43,88
43,90
43,119
43,145
43,197
44,2
44,11
44,29
44,40
44,45
44,60
44,61
44,65
44,68
44,91
44,93
44,95
44,107
44,108
44,112
44,120
44,121
44,138
44,139
44,146
44,149
44,150
44,162
44,164
44,165
44,175
45,21
45,64
45,73
45,87
45,106
45,112
45,183
46,16
46,23
46,25
46,29
46,30
46,31
46,36
46,54
46,58
46,59
46,61
46,76
46,108
46,125
46,135
46,161
46,170
46,177
46,181
46,187
47,10
47,12
47,19
47,23
47,32
47,39
47,41
47,54
47,77
47,87
47,93
47,130
47,134
47,142
47,150
47,158
47,166
47,170
47,176
47,178
47,183
47,186
47,192
47,194
47,199
48,73
48,87
49,23
49,73
49,78
49,113
50,14
50,23
50,25
50,29
50,35
50,41
50,55
50,75
50,77
50,84
50,86
50,93
50,96
50,109
50,114
50,129
50,138
50,166
50,171
50,181
50,182
51,48
51,90
51,100
51,113
52,4
52,10
52,21
52,35
52,54
52,55
52,61
52,66
52,73
52,77
52,87
52,94
52,97
52,103
52,109
52,114
52,119
52,125
52,135
52,136
52,139
52,142
52,148
52,160
52,164
52,181
52,184
52,188
52,189
52,194
52,195
53,2
53,8
53,26
53,34
53,36
53,40
53,41
53,49
53,57
53,62
53,64
53,69
53,71
53,86
53,97
53,98
53,101
53,102
53,104
53,111
53,115
53,117
53,123
53,138
53,141
53,147
53,148
53,150
53,154
53,162
53,164
53,175
53,183
53,192
53,194
53,199
54,23
54,48
54,51
54,64
54,93
54,112
54,113
54,116
54,170
54,178
55,39
56,8
56,14
56,16
56,21
56,23
56,31
56,48
56,49
56,53
56,54
56,59
56,62
56,73
56,74
56,75
56,83
56,91
56,93
56,96
56,109
56,118
56,124
56,125
56,137
56,140
56,144
56,149
56,159
56,176
56,178
56,186
56,190
57,11
57,30
57,34
57,49
57,51
57,61
57,68
57,71
57,73
57,74
57,76
57,77
57,93
57,102
57,113
57,142
57,145
57,150
57,154
57,180
57,197
58,18
58,21
58,23
58,29
58,31
58,48
58,97
58,113
58,128
58,169
58,183
59,16
59,18
59,31
59,39
59,54
59,60
59,64
59,78
59,97
59,129
59,130
59,134
59,145
59,154
59,157
59,168
59,170
60,21
60,106
60,116
60,189
61,60
61,92
62,9
62,14
62,16
62,17
62,19
62,39
62,40
62,71
62,75
62,79
62,95
62,99
62,102
62,108
62,118
62,128
62,129
62,137
62,142
62,143
62,162
62,168
62,170
62,178
62,195
62,197
63,2
63,4
63,5
63,18
63,20
63,32
63,41
63,46
63,48
63,49
63,54
63,56
63,59
63,87
63,94
63,98
63,115
63,127
63,131
63,133
63,135
63,140
63,145
63,150
63,153
63,163
63,173
63,180
63,181
63,194
63,198
64,111
65,12
65,33
65,57
65,62
65,70
65,78
65,83
65,84
65,91
65,92
65,107
65,109
65,111
65,112
65,120
65,123
65,131
65,140
65,142
65,150
65,159
65,164
65,167
65,170
65,173
65,177
65,184
65,191
65,196
65,197
66,5
66,113
66,183
66,184
67,29
67,49
67,66
67,68
67,112
67,161
67,169
68,64
68,111
69,3
69,5
69,6
69,14
69,20
69,23
69,50
69,66
69,83
69,100
69,114
69,121
69,125
69,127
69,129
69,145
69,148
69,157
69,189
69,191
69,192
70,17
70,37
70,41
70,48
70,51
70,54
70,55
70,76
70,78
70,79
70,92
70,100
70,102
70,112
70,113
70,136
70,137
70,153
70,159
70,166
70,178
70,191
71,51
71,54
71,117
71,132
71,134
71,150
72,5
72,16
72,19
72,22
72,23
72,25
72,29
72,45
72,51
72,58
72,59
72,60
72,64
72,69
72,73
72,84
72,88
72,96
72,106
72,107
72,109
72,121
72,131
72,135
72,136
72,139
72,153
72,158
72,165
72,170
72,174
72,176
72,187
72,199
73,34
73,55
73,169
74,48
74,76
74,92
74,118
74,129
74,169
74,183
75,6
75,16
75,18
75,23
75,30
75,39
75,48
75,51
75,55
75,59
75,71
75,86
75,88
75,90
75,92
75,98
75,118
75,121
75,122
75,135
75,136
75,154
75,158
75,160
75,191
76,55
76,67
76,78
76,93
76,116
76,121
76,128
76,131
76,132
76,168
77,18
77,22
77,25
77,37
77,39
77,48
77,49
77,55
77,60
77,121
77,169
77,178
77,189
78,34
78,39
78,66
78,184
79,5
79,17
79,18
79,25
79,54
79,77
79,87
79,102
79,111
79,119
79,129
79,169
79,184
80,9
80,15
80,25
80,27
80,37
80,39
80,42
80,48
80,54
80,61
80,64
80,66
80,68
80,81
80,108
80,111
80,120
80,121
80,130
80,138
80,151
80,158
80,162
80,164
80,168
80,175
80,180
80,182
80,185
80,186
80,187
80,189
81,8
81,9
81,55
81,57
81,77
81,78
81,83
81,97
81,107
81,125
81,138
81,151
81,169
82,29
82,40
82,57
82,68
82,108
82,119
82,120
82,121
82,122
82,123
82,127
82,132
82,137
82,153
82,157
82,179
83,29
83,41
83,97
83,102
83,119
83,121
83,127
83,150
83,175
84,45
84,60
84,71
84,157
85,5
85,8
85,11
85,17
85,29
85,41
85,46
85,81
85,87
85,90
85,109
85,113
85,120
85,121
85,122
85,129
85,150
85,154
85,169
85,184
85,190
86,5
86,9
86,21
86,41
86,58
86,67
86,68
86,77
86,84
86,88
86,111
86,114
86,125
86,128
86,146
86,151
86,154
86,157
86,169
86,177
86,178
86,190
86,191
87,5
87,21
87,106
88,4
88,9
88,22
88,74
88,84
88,113
88,117
88,123
88,136
88,141
88,144
88,158
88,180
88,183
88,197
89,5
89,16
89,19
89,30
89,31
89,54
89,77
89,85
89,94
89,110
89,111
89,112
89,117
89,125
89,128
89,151
89,153
89,156
89,160
89,162
89,167
89,171
89,175
89,177
89,178
89,196
90,16
90,29
90,31
90,128
90,170
90,180
90,183
91,19
91,21
91,26
91,37
91,81
91,82
91,84
91,93
91,98
91,108
91,112
91,126
91,134
91,135
91,151
91,166
91,174
91,175
91,180
91,188
92,16
92,39
92,45
92,49
92,58
92,112
92,134
92,169
92,178
93,18
93,45
93,55
93,58
93,169
93,178
94,5
94,11
94,20
94,25
94,39
94,41
94,43
94,64
94,67
94,76
94,92
94,116
94,128
94,132
94,134
94,151
94,153
94,158
94,177
94,182
94,197
95,2
95,15
95,27
95,30
95,31
95,35
95,39
95,50
95,55
95,58
95,59
95,67
95,68
95,70
95,81
95,85
95,91
95,97
95,117
95,119
95,129
95,130
95,141
95,150
95,158
95,161
95,176
95,177
95,180
95,186
95,196
95,198
96,6
96,16
96,23
96,40
96,43
96,45
96,51
96,61
96,66
96,71
96,74
96,87
96,93
96,151
96,169
96,178
97,34
97,64
98,6
98,11
98,16
98,26
98,36
98,41
98,58
98,60
98,71
98,84
98,114
98,119
98,121
98,129
98,135
98,141
98,144
98,154
98,158
98,166
98,170
98,175
98,197
99,7
99,36
99,40
99,41
99,58
99,78
99,88
99,106
99,107
99,108
99,114
99,118
99,142
99,150
99,156
99,162
99,175
99,196
100,117
100,127
100,132
100,134
101,4
101,5
101,6
101,7
101,12
101,20
101,23
101,26
101,39
101,58
101,89
101,103
101,109
101,118
101,131
101,134
101,137
101,153
101,162
101,171
101,174
101,177
101,178
101,180
101,194
101,197
102,49
102,128
102,150
102,178
102,182
102,183
103,3
103,5
103,21
103,36
103,37
103,39
103,51
103,57
103,64
103,77
103,85
103,96
103,98
103,105
103,109
103,119
103,136
103,138
103,140
103,142
103,144
103,148
103,149
103,154
103,156
103,160
103,172
103,174
103,180
103,182
103,185
103,197
104,8
104,9
104,11
104,20
104,27
104,46
104,60
104,72
104,76
104,80
104,91
104,98
104,106
104,112
104,114
104,136
104,149
104,150
104,158
104,159
104,161
104,165
104,166
104,168
104,178
105,4
105,31
105,43
105,48
105,55
105,60
105,64
105,71
105,75
105,77
105,78
105,85
105,88
105,94
105,102
105,107
105,111
105,114
105,116
105,117
105,118
105,127
105,130
105,134
105,136
105,137
105,157
105,177
105,178
106,21
106,23
106,55
107,16
107,21
107,22
107,23
107,30
107,49
107,64
107,68
107,76
107,77
107,78
107,79
107,88
107,96
107,112
107,114
107,116
107,136
107,143
107,151
107,154
107,167
107,169
107,177
107,184
107,197
108,9
108,17
108,29
108,67
108,73
108,83
108,127
108,157
108,161
108,180
108,183
108,184
109,34
109,45
109,48
109,67
109,70
109,75
109,84
109,92
109,108
109,117
109,135
109,137
109,150
109,151
109,154
109,159
109,182
109,191
109,194
110,4
110,18
110,23
110,31
110,38
110,41
110,44
110,57
110,58
110,72
110,73
110,85
110,92
110,97
110,102
110,119
110,120
110,126
110,129
110,131
110,133
110,134
110,138
110,141
110,158
110,160
110,166
110,170
110,177
110,181
110,182
110,190
112,5
112,55
112,66
112,161
112,182
113,55
113,189
114,64
114,127
114,189
115,3
115,20
115,39
115,45
115,61
115,66
115,81
115,82
115,84
115,87
115,95
115,96
115,120
115,122
115,123
115,124
115,135
115,148
115,151
115,160
115,162
115,170
115,171
115,183
115,188
115,191
115,195
115,196
115,197
116,48
116,64
116,73
117,55
117,97
117,132
118,21
118,22
118,25
118,29
118,39
118,48
118,76
118,83
118,84
118,112
118,142
118,144
118,145
118,150
118,157
118,159
118,168
118,180
119,31
119,39
119,51
119,55
119,76
119,78
119,90
119,111
119,121
119,132
119,145
119,182
119,184
120,39
120,46
120,73
120,86
120,92
120,94
120,98
120,114
120,117
120,125
120,127
120,150
120,167
120,175
120,184
121,34
121,64
121,78
121,84
121,92
121,111
121,131
121,132
121,170
122,4
122,5
122,6
122,17
122,22
122,31
122,55
122,77
122,97
122,108
122,117
122,121
122,136
122,146
122,170
122,178
122,182
122,184
123,5
123,17
123,29
123,36
123,58
123,66
123,67
123,79
123,87
123,92
123,106
123,111
123,113
123,161
123,170
123,184
124,9
124,11
124,15
124,19
124,30
124,33
124,43
124,46
124,49
124,50
124,55
124,65
124,69
124,74
124,76
124,77
124,84
124,87
124,101
124,122
124,134
124,142
124,143
124,153
124,154
124,165
124,166
124,170
124,171
124,179
124,184
124,195
124,196
125,5
125,17
125,23
125,26
125,31
125,57
125,68
125,118
125,127
125,128
125,136
125,146
125,151
125,158
125,164
125,166
125,184
125,190
125,194
126,34
126,45
126,64
126,87
126,88
126,90
126,112
126,122
126,129
126,134
126,135
126,137
126,145
127,23
127,182
128,22
128,68
128,127
128,169
128,184
129,4
129,9
129,25
129,39
129,49
129,51
129,108
129,111
130,8
130,9
130,29
130,48
130,49
130,51
130,54
130,66
130,71
130,74
130,77
130,83
130,84
130,88
130,100
130,111
130,119
130,122
130,145
130,151
130,154
130,166
130,183
130,184
130,189
131,5
131,61
131,97
131,112
131,157
131,182
131,183
132,45
133,11
133,19
133,27
133,33
133,39
133,44
133,46
133,51
133,57
133,67
133,68
133,75
133,88
133,94
133,96
133,108
133,112
133,120
133,132
133,140
133,141
133,152
133,153
133,155
133,178
133,183
133,189
133,197
134,18
134,87
134,106
134,112
135,11
135,18
135,48
135,64
135,68
135,78
135,114
135,145
135,169
135,170
135,178
135,182
136,31
136,57
136,66
136,68
136,87
136,92
136,111
136,112
136,116
136,118
136,123
136,154
136,170
136,180
136,182
136,187
136,189
136,197
137,16
137,30
137,31
137,36
137,39
137,54
137,88
137,90
137,94
137,97
137,114
137,138
137,145
137,146
137,159
137,180
138,5
138,21
138,30
138,61
138,64
138,68
138,77
138,90
138,100
138,111
138,121
138,128
138,151
138,157
138,159
138,175
138,183
138,184
139,6
139,15
139,18
139,20
139,21
139,25
139,29
139,57
139,71
139,73
139,74
139,75
139,87
139,88
139,91
139,99
139,106
139,108
139,116
139,121
139,123
139,135
139,172
139,173
139,174
139,182
139,194
139,197
140,11
140,37
140,51
140,61
140,64
140,71
140,73
140,86
140,102
140,109
140,126
140,142
140,143
140,159
140,171
140,183
140,187
140,197
141,16
141,25
141,36
141,45
141,55
141,66
141,68
141,76
141,87
141,114
141,128
141,131
141,145
141,151
141,158
141,166
141,168
141,169
141,175
142,9
142,16
142,22
142,41
142,60
142,90
142,100
142,114
142,131
142,135
142,150
142,178
142,189
142,197
143,31
143,36
143,45
143,57
143,67
143,78
143,98
143,116
143,121
143,177
143,180
144,18
144,21
144,39
144,79
144,83
144,84
144,90
144,111
144,134
144,189
145,68
145,113
146,9
146,22
146,36
146,60
146,64
146,121
146,132
146,144
146,177
146,182
146,194
147,5
147,10
147,14
147,15
147,16
147,21
147,34
147,35
147,49
147,52
147,58
147,62
147,64
147,68
147,72
147,74
147,83
147,86
147,92
147,129
147,130
147,131
147,134
147,150
147,151
147,154
147,155
147,156
147,181
147,186
147,192
147,195
147,196
148,4
148,5
148,7
148,25
148,41
148,49
148,50
148,55
148,74
148,76
148,87
148,88
148,118
148,119
148,129
148,141
148,146
148,154
148,168
148,173
148,182
148,183
148,189
148,197
149,31
149,36
149,43
149,59
149,66
149,90
149,93
149,136
149,137
149,170
149,178
149,194
150,106
150,157
150,169
151,4
151,6
151,22
151,36
151,61
151,64
151,102
151,117
151,132
151,134
151,150
151,153
151,175
151,178
152,2
152,23
152,25
152,34
152,38
152,42
152,49
152,79
152,83
152,86
152,92
152,93
152,95
152,109
152,116
152,118
152,136
152,141
152,145
152,156
152,158
152,164
152,166
152,169
152,173
152,174
152,175
152,181
152,184
152,186
152,190
153,22
153,34
153,36
153,55
153,61
153,92
153,108
153,129
153,158
153,159
153,184
153,187
154,4
154,21
154,22
154,76
154,87
154,108
154,117
154,121
154,123
154,129
154,131
154,142
154,184
155,40
155,50
155,54
155,62
155,68
155,70
155,80
155,84
155,94
155,99
155,104
155,111
155,117
155,129
155,134
155,142
155,150
155,158
155,165
155,170
155,174
155,177
155,182
156,4
156,5
156,17
156,18
156,26
156,36
156,61
156,70
156,87
156,90
156,96
156,100
156,148
156,149
156,166
156,185
157,5
157,39
157,55
157,97
157,184
157,189
158,6
158,11
158,37
158,45
158,54
158,55
158,67
158,111
158,142
158,175
159,11
159,34
159,48
159,60
159,61
159,66
159,73
159,83
159,90
159,97
159,100
159,114
159,144
160,4
160,17
160,45
160,78
160,92
160,98
160,113
160,132
160,134
160,136
160,141
160,143
160,151
161,49
161,60
161,106
161,170
162,6
162,11
162,16
162,59
162,67
162,73
162,88
162,108
162,109
162,132
162,134
162,135
162,140
162,141
162,145
162,153
162,161
162,173
162,177
162,189
162,190
163,17
163,26
163,29
163,47
163,48
163,51
163,53
163,56
163,59
163,60
163,65
163,66
163,71
163,79
163,80
163,82
163,90
163,98
163,102
163,103
163,106
163,111
163,117
163,120
163,121
163,139
163,145
163,157
163,158
163,174
163,175
163,181
163,184
163,189
163,193
163,197
164,11
164,20
164,48
164,54
164,79
164,93
164,119
164,126
164,137
164,149
164,187
165,5
165,9
165,22
165,29
165,30
165,37
165,45
165,54
165,71
165,73
165,75
165,97
165,107
165,109
165,120
165,125
165,140
165,142
165,149
165,166
165,167
165,169
165,175
165,178
165,184
166,49
166,54
166,60
166,61
166,64
166,66
166,83
166,112
166,119
166,138
166,178
167,25
167,41
167,45
167,54
167,109
167,118
167,135
167,159
167,160
167,191
167,194
168,22
168,39
168,49
168,51
168,60
168,68
168,71
168,114
168,142
169,68
169,97
169,145
170,21
170,49
170,66
170,97
170,184
171,4
171,6
171,23
171,30
171,45
171,46
171,64
171,70
171,75
171,84
171,105
171,107
171,111
171,157
171,158
171,164
171,175
172,3
172,9
172,12
172,14
172,18
172,19
172,21
172,22
172,25
172,35
172,40
172,69
172,71
172,76
172,79
172,96
172,119
172,121
172,136
172,143
172,148
172,154
172,158
172,164
172,175
172,179
172,182
172,194
172,195
173,5
173,7
173,17
173,22
173,54
173,55
173,59
173,61
173,64
173,73
173,74
173,83
173,90
173,93
173,113
173,121
173,129
173,134
173,140
173,149
173,154
173,164
173,165
173,168
173,176
173,181
173,182
173,189
174,7
174,9
174,18
174,22
174,26
174,27
174,36
174,41
174,48
174,50
174,58
174,61
174,68
174,73
174,78
174,97
174,99
174,100
174,102
174,121
174,122
174,141
174,145
174,146
174,150
174,162
174,169
175,25
175,54
175,73
175,92
175,116
175,135
175,170
175,183
176,8
176,60
176,73
176,76
176,87
176,108
176,142
176,146
176,157
176,165
176,167
176,169
176,178
176,187
176,197
177,17
177,41
177,67
177,79
177,88
177,96
177,135
177,161
177,184
178,66
178,100
178,113
178,169
178,184
179,4
179,8
179,9
179,16
179,19
179,40
179,58
179,59
179,71
179,92
179,94
179,98
179,117
179,125
179,132
179,150
179,161
179,166
179,170
179,176
179,189
179,194
180,9
180,22
180,55
180,92
180,102
180,131
180,178
181,26
181,39
181,41
181,43
181,51
181,55
181,58
181,67
181,81
181,83
181,90
181,123
181,125
181,128
181,130
181,134
181,143
181,150
181,158
181,182
181,191
181,197
182,5
182,55
182,113
182,116
183,150
184,60
184,106
184,114
185,6
185,12
185,17
185,19
185,20
185,29
185,40
185,64
185,68
185,69
185,70
185,71
185,76
185,105
185,112
185,119
185,126
185,128
185,129
185,145
185,168
185,172
185,177
185,179
185,180
185,189
185,191
185,195
186,23
186,31
186,35
186,57
186,76
186,84
186,86
186,93
186,94
186,102
186,135
186,141
186,149
186,159
186,161
186,170
186,184
186,197
187,17
187,29
187,60
187,64
187,100
187,102
187,106
187,108
187,111
187,119
187,131
187,168
187,175
188,5
188,7
188,8
188,17
188,26
188,34
188,43
188,49
188,50
188,55
188,67
188,71
188,80
188,86
188,87
188,97
188,100
188,119
188,127
188,159
188,167
188,169
188,173
188,178
189,23
189,87
190,5
190,16
190,20
190,21
190,25
190,48
190,58
190,59
190,64
190,68
190,70
190,87
190,97
190,119
190,131
190,143
190,146
190,151
190,159
190,166
190,169
190,182
190,197
191,4
191,11
191,17
191,68
191,74
191,77
191,87
191,94
191,111
191,113
191,114
191,121
191,122
191,134
191,141
191,142
191,160
191,170
192,3
192,8
192,17
192,18
192,20
192,29
192,37
192,43
192,51
192,59
192,70
192,92
192,100
192,127
192,134
192,136
192,149
192,165
192,168
192,169
192,180
193,11
193,13
193,21
193,33
193,44
193,48
193,50
193,56
193,57
193,58
193,70
193,72
193,73
193,77
193,84
193,91
193,93
193,109
193,114
193,120
193,124
193,126
193,130
193,131
193,136
193,143
193,144
193,150
193,160
193,164
193,169
193,170
193,174
193,178
193,192
193,197
194,34
194,45
194,49
194,84
194,97
194,108
194,112
194,113
194,119
194,129
194,161
194,166
194,170
194,177
194,180
194,189
195,3
195,6
195,11
195,34
195,35
195,42
195,43
195,55
195,57
195,60
195,64
195,69
195,70
195,73
195,74
195,78
195,79
195,105
195,108
195,112
195,114
195,121
195,141
195,145
195,146
195,149
195,157
195,160
195,164
195,176
195,181
195,184
195,186
195,189
195,191
195,192
196,5
196,20
196,21
196,29
196,41
196,45
196,54
196,55
196,70
196,73
196,76
196,88
196,97
196,98
196,112
196,117
196,148
196,149
196,151
196,154
196,168
196,180
196,183
196,191
197,11
197,22
197,84
197,131
197,135
197,180
198,2
198,21
198,29
198,34
198,37
198,41
198,43
198,58
198,59
198,74
198,82
198,86
198,92
198,93
198,96
198,102
198,111
198,116
198,117
198,118
198,131
198,134
198,141
198,158
198,165
198,172
198,174
198,177
198,180
198,181
199,2
199,16
199,17
199,22
199,23
199,26
199,29
199,33
199,36
199,41
199,44
199,45
199,52
199,70
199,75
199,76
199,78
199,81
199,97
199,98
199,102
199,107
199,109
199,113
199,117
199,118
199,132
199,148
199,149
199,166
199,173
199,178
199,183
199,186
199,192
199,197

